709 403
746 361
849 375
869 431
877 500
877 517
872 535
887 555
892 574
892 587
878 564
864 552
873 536
penup
864 551
pendown
850 564
852 625
800 629
797 570
768 570
768 625
715 628
719 583
714 571
711 560
penup
739 515
pendown
731 534
662 569
621 538
623 522
635 515
643 511
644 499
653 492
658 492
663 487
663 481
668 475
penup
625 519
pendown
615 506
607 491
602 446
644 500
penup
654 491
pendown
645 481
638 465
664 481
penup
669 472
pendown
663 466
659 453
667 441
677 431
687 434
698 439
697 450
701 461
697 464
691 472
684 472
673 473
668 472
penup
702 465
pendown
697 450
698 439
706 430
717 422
730 426
745 437
750 450
750 464
744 473
734 480
716 476
711 472
702 461
penup
746 473
pendown
763 508
746 539
686 566
678 561
penup
701 561
pendown
701 617
711 617
penup
782 568
pendown
penup
782 568
pendown
783 614
797 617
penup
732 426
pendown
731 419
731 419
740 419
749 414
755 407
759 399
760 388
760 380
736 390
727 395
722 406
713 406
694 405
683 414
673 406
644 399
644 411
650 421
660 426
677 429
1307 392
